D10_3	D10_7	D10_8	D11_1	D1_35	D2_1_6	D2_2	D3D_27	D3K_56	D3K_57	D4_12C	D4_185	D5_8	D5_ref	D6_5	D7_157	D7_4	D8_8	D9_4	F1_1	D8_9	D1_2	D6_7	D10_8.o	D5_6	D5_31	D5_2	D5_4	D5_53
D10_3	0	0.041191369312083	0.0423333673345875	0.109711311779915	0.0974745687620232	0.0779966282177698	0.0607806910724935	0.1027819027904	0.103024643761204	0.10282058873558	0.106172095826266	0.107928689600678	0.102240676577163	0.103327826847496	0.11529546011756	0.109007975898773	0.107486694626878	0.0978833080011467	0.104216782801953	0.150119073201085	0.0918529250572974	0.092924199761915	0.110151870514311	0.077952293348079	0.0976986479119565	0.0586773543927225	0.0277308711840936	0.0255976363502514	0.0319915750206765
D10_7	0.041191369312083	0	0.042201405448055	0.109792137376077	0.0975745818681189	0.0783257242882026	0.061049841273763	0.102884950392718	0.103138696655437	0.102923028873363	0.106284700086524	0.108012495025462	0.102376628045766	0.103449843035112	0.115379012813446	0.109127263921291	0.107564000068938	0.0979599859837033	0.104346624197352	0.150204001482749	0.0919479429282462	0.0932373560652801	0.110304457952617	0.0793691471397799	0.0981060727290573	0.058895351506625	0.0279370515038314	0.0258251753703849	0.0319915750206765
D10_8	0.0423333673345875	0.042201405448055	0	0.109753611904664	0.097531185312174	0.0782801074217829	0.0608684283754704	0.102790323791013	0.103043067539298	0.102837440507064	0.106215436045665	0.107954572614737	0.102260599762442	0.10333010147802	0.115287778697143	0.109036633207925	0.107491000180018	0.0978840514789136	0.104261029354966	0.150151500611575	0.0919120821783168	0.0930796503302152	0.110112719542742	0.0776714083469076	0.0977179385730371	0.0582486171573794	0.0277308711840936	0.0255976363502514	0.0319915750206765
D11_1	0.109711311779915	0.109792137376077	0.109753611904664	0	0.105451064130415	0.10371287057452	0.109549966733728	0.109994210201501	0.110251869670023	0.109958388380699	0.0889479430675824	0.0894357345406522	0.108495750433376	0.109646658672708	0.118937802826445	0.090372490438742	0.0882849268224574	0.105754773582566	0.0860597207203659	0.153134733822244	0.0991751143614241	0.100137962734424	0.113507798779976	0.0798974367580818	0.103301723480275	0.060137063981599	0.0244302428384315	0.0208068680748128	0.0266185994122851
D1_35	0.0974745687620232	0.0975745818681189	0.097531185312174	0.105451064130415	0	0.0904660620290028	0.0972157991193504	0.0920677864382025	0.0922921955763519	0.0920577556211338	0.101725792394972	0.103609352348024	0.0921665474172085	0.0933232277641163	0.111149264746654	0.10476508981027	0.103071015643064	0.0603578827319972	0.0996818388255068	0.147045483090939	0.0333734826908588	0.0267652942290931	0.105907541267867	0.0844401973948372	0.088583015847107	0.0586833710402023	0.0275239361629548	0.0258259308348608	0.0325155469697988
D2_1_6	0.0779966282177698	0.0783257242882026	0.0782801074217829	0.10371287057452	0.0904660620290028	0	0.0788542795696247	0.0963597559452773	0.096630158625637	0.0964136220621844	0.0999173794939242	0.101825855088966	0.095846902431991	0.0968563814471675	0.109524164624285	0.103007975004023	0.101340407156831	0.0908882638250152	0.0978274693405866	0.145844680170679	0.084839476432597	0.0863322728947751	0.10474525589291	0.0782730553453252	0.091900647527913	0.0587533728030901	0.027524094128159	0.025368947017494	0.0323423113676575
D2_2	0.0607806910724935	0.061049841273763	0.0608684283754704	0.109549966733728	0.0972157991193504	0.0788542795696247	0	0.102603566984431	0.102835881595367	0.102630115781279	0.106077434403109	0.107755476338028	0.10205435509696	0.103129435127222	0.115134973091814	0.108865041930832	0.107322752769194	0.0975143565543721	0.104024853816653	0.149957160504681	0.091545287508403	0.0927520353260739	0.110019003994943	0.0807481376601442	0.0974236308854736	0.0591428697027135	0.0289459323087444	0.027150393368415	0.033029408243851
D3D_27	0.1027819027904	0.102884950392718	0.102790323791013	0.109994210201501	0.0920677864382025	0.0963597559452773	0.102603566984431	0	0.0262310124875142	0.0254217547316029	0.10641059983907	0.108230006338453	0.0952291583372587	0.096318697778826	0.115536464830999	0.109293858450071	0.107711198299508	0.0925095276218704	0.104476835072399	0.150277087462121	0.0866497853420661	0.0874747824334543	0.110170792293446	0.0903014994697335	0.0919444731473274	0.062005974081126	0.0279370515038314	0.0258251753703849	0.0323412201045153
D3K_56	0.103024643761204	0.103138696655437	0.103043067539298	0.110251869670023	0.0922921955763519	0.096630158625637	0.102835881595367	0.0262310124875142	0	0.0145169743795143	0.106655326521591	0.108426540755971	0.0954405574909555	0.0965436432537451	0.115806651554065	0.109513772378244	0.107975245460604	0.0927118811783827	0.104755695075169	0.150522303360572	0.0868972555979972	0.0877351581170904	0.110382192281916	0.090156315105606	0.0919800375334883	0.061089689106473	0.027732144410503	0.0258251753703849	0.0318443347386725
D3K_57	0.10282058873558	0.102923028873363	0.102837440507064	0.109958388380699	0.0920577556211338	0.0964136220621844	0.102630115781279	0.0254217547316029	0.0145169743795143	0	0.106386728952203	0.108219736562513	0.095287527844155	0.0963439516869297	0.115511309825206	0.109292250742528	0.107699702506836	0.0924618085930228	0.104445473436246	0.150213103518131	0.0867346108351162	0.0874488720171369	0.110212425990198	0.0899622277440702	0.0919963885810306	0.0603424590969337	0.0279370515038314	0.0260507270359688	0.0323412201045153
D4_12C	0.106172095826266	0.106284700086524	0.106215436045665	0.0889479430675824	0.101725792394972	0.0999173794939242	0.106077434403109	0.10641059983907	0.106655326521591	0.106386728952203	0	0.0854367501941503	0.105026658065549	0.106115456978303	0.115803233954138	0.0879522166691727	0.0855505129354632	0.102041442236894	0.082322299642786	0.150769386048887	0.0954537099117412	0.0964939375393143	0.110577331051994	0.0534412820803504	0.100800743813444	0.0629012197182131	0.0301120038824393	0.027150393368415	0.03055300787358
D4_185	0.107928689600678	0.108012495025462	0.107954572614737	0.0894357345406522	0.103609352348024	0.101825855088966	0.107755476338028	0.108230006338453	0.108426540755971	0.108219736562513	0.0854367501941503	0	0.106812784258728	0.107928891932033	0.117356454577249	0.0843245253320325	0.0768051133045445	0.103956236263455	0.0828935257800363	0.152000944858253	0.0973718703789983	0.0985609915447438	0.111868674262487	0.0778335247366347	0.102136601144232	0.0617132837737896	0.0246640303933414	0.0210861673917782	0.0261995998192016
D5_8	0.102240676577163	0.102376628045766	0.102260599762442	0.108495750433376	0.0921665474172085	0.095846902431991	0.10205435509696	0.0952291583372587	0.0954405574909555	0.095287527844155	0.105026658065549	0.106812784258728	0	0.00420561369254442	0.11405659727148	0.107885047305977	0.10631271697542	0.0923972061863425	0.103137044781599	0.1483868139954	0.0878007496784982	0.0885750896225117	0.109442321118216	0.0874494445071849	0.00901156926982691	0.0166853612680664	0.00896344859373669	0.0048374985667023	0.0088728664707617
D5_ref	0.103327826847496	0.103449843035112	0.10333010147802	0.109646658672708	0.0933232277641163	0.0968563814471675	0.103129435127222	0.096318697778826	0.0965436432537451	0.0963439516869297	0.106115456978303	0.107928891932033	0.00420561369254442	0	0.115360159747511	0.108978830361782	0.107380918030826	0.0935785764909186	0.104226316066392	0.150058713593975	0.087871160675524	0.088638484986887	0.10951373230634	0.0877157686053154	0.0109561701230708	0.0198243415918909	0.00958232961192096	0.0048374985667023	0.00821467812122913
D6_5	0.11529546011756	0.115379012813446	0.115287778697143	0.118937802826445	0.111149264746654	0.109524164624285	0.115134973091814	0.115536464830999	0.115806651554065	0.115511309825206	0.115803233954138	0.117356454577249	0.11405659727148	0.115360159747511	0	0.118375818870943	0.116960362260937	0.111515138385345	0.113961243868727	0.147416843003639	0.098517169703529	0.105726208112496	0.0235913804109774	0.0963641488177849	0.108483750205829	0.0635008806923905	0.0256305328015425	0.0221707976456132	0.0309224031858201
D7_157	0.109007975898773	0.109127263921291	0.109036633207925	0.090372490438742	0.10476508981027	0.103007975004023	0.108865041930832	0.109293858450071	0.109513772378244	0.109292250742528	0.0879522166691727	0.0843245253320325	0.107885047305977	0.108978830361782	0.118375818870943	0	0.0654410474959465	0.105092349667124	0.0842666264929429	0.152722475179319	0.0987221863791783	0.099778339498316	0.113010161766864	0.0793486655268206	0.103118016043094	0.062178950458163	0.0273141553503508	0.0231999638484323	0.0278581121608055
D7_4	0.107486694626878	0.107564000068938	0.107491000180018	0.0882849268224574	0.103071015643064	0.101340407156831	0.107322752769194	0.107711198299508	0.107975245460604	0.107699702506836	0.0855505129354632	0.0768051133045445	0.10631271697542	0.107380918030826	0.116960362260937	0.0654410474959465	0	0.103437839661966	0.0821867876030988	0.151651933470255	0.0969849771337781	0.0980632200908653	0.111658220171161	0.0731938268120347	0.101341273905337	0.0576949954372345	0.0246640303933414	0.0210861673917782	0.0259770931082368
D8_8	0.0978833080011467	0.0979599859837033	0.0978840514789136	0.105754773582566	0.0603578827319972	0.0908882638250152	0.0975143565543721	0.0925095276218704	0.0927118811783827	0.0924618085930228	0.102041442236894	0.103956236263455	0.0923972061863425	0.0935785764909186	0.111515138385345	0.105092349667124	0.103437839661966	0	0.10004173210063	0.147240997367791	0.0591427866664233	0.0581043191380678	0.106237025176841	0.0844367123485139	0.0891973315067369	0.0587092135176979	0.0277308711840936	0.0260507270359688	0.033029408243851
D9_4	0.104216782801953	0.104346624197352	0.104261029354966	0.0860597207203659	0.0996818388255068	0.0978274693405866	0.104024853816653	0.104476835072399	0.104755695075169	0.104445473436246	0.082322299642786	0.0828935257800363	0.103137044781599	0.104226316066392	0.113961243868727	0.0842666264929429	0.0821867876030988	0.10004173210063	0	0.149484225129073	0.0934546614906301	0.0948189306469042	0.109078816326291	0.0745663010917906	0.0987235050504073	0.060401368849155	0.0275231463777282	0.02513637989721	0.0282581743368576
F1_1	0.150119073201085	0.150204001482749	0.150151500611575	0.153134733822244	0.147045483090939	0.145844680170679	0.149957160504681	0.150277087462121	0.150522303360572	0.150213103518131	0.150769386048887	0.152000944858253	0.1483868139954	0.150058713593975	0.147416843003639	0.152722475179319	0.151651933470255	0.147240997367791	0.149484225129073	0	0.1393814314982	0.139786113091913	0.140434199525019	0.131503799044856	0.141695925849878	0.089643040702957	0.0419156814200188	0.0397538756120452	0.0497549385004774
D8_9	0.0918529250572974	0.0919479429282462	0.0919120821783168	0.0991751143614241	0.0333734826908588	0.084839476432597	0.091545287508403	0.0866497853420661	0.0868972555979972	0.0867346108351162	0.0954537099117412	0.0973718703789983	0.0878007496784982	0.087871160675524	0.098517169703529	0.0987221863791783	0.0969849771337781	0.0591427866664233	0.0934546614906301	0.1393814314982	0	0.0278516343811141	0.0971635494884173	0.0768985531431437	0.0850115460744142	0.046499837483352	0.0241955848888643	0.0224306893177766	0.0290871425898712
D1_2	0.092924199761915	0.0932373560652801	0.0930796503302152	0.100137962734424	0.0267652942290931	0.0863322728947751	0.0927520353260739	0.0874747824334543	0.0877351581170904	0.0874488720171369	0.0964939375393143	0.0985609915447438	0.0885750896225117	0.088638484986887	0.105726208112496	0.099778339498316	0.0980632200908653	0.0581043191380678	0.0948189306469042	0.139786113091913	0.0278516343811141	0	0.104406814282109	0.081229365534041	0.0856810693470692	0.042933332532122	0.0268914260773539	0.0253682049121024	0.0274572922428055
D6_7	0.110151870514311	0.110304457952617	0.110112719542742	0.113507798779976	0.105907541267867	0.10474525589291	0.110019003994943	0.110170792293446	0.110382192281916	0.110212425990198	0.110577331051994	0.111868674262487	0.109442321118216	0.10951373230634	0.0235913804109774	0.113010161766864	0.111658220171161	0.106237025176841	0.109078816326291	0.140434199525019	0.0971635494884173	0.104406814282109	0	0.092728422021778	0.105223652488832	0.0498120940044739	0.025157440774254	0.0229476130273838	0.0311265361075776
D10_8.o	0.077952293348079	0.0793691471397799	0.0776714083469076	0.0798974367580818	0.0844401973948372	0.0782730553453252	0.0807481376601442	0.0903014994697335	0.090156315105606	0.0899622277440702	0.0534412820803504	0.0778335247366347	0.0874494445071849	0.0877157686053154	0.0963641488177849	0.0793486655268206	0.0731938268120347	0.0844367123485139	0.0745663010917906	0.131503799044856	0.0768985531431437	0.081229365534041	0.092728422021778	0	0.0768296280883233	0.036226564317807	0.0256286129722839	0.0242054840541405	0.02639849047188
D5_6	0.0976986479119565	0.0981060727290573	0.0977179385730371	0.103301723480275	0.088583015847107	0.091900647527913	0.0974236308854736	0.0919444731473274	0.0919800375334883	0.0919963885810306	0.100800743813444	0.102136601144232	0.00901156926982691	0.0109561701230708	0.108483750205829	0.103118016043094	0.101341273905337	0.0891973315067369	0.0987235050504073	0.141695925849878	0.0850115460744142	0.0856810693470692	0.105223652488832	0.0768296280883233	0	0.0159064003586895	0.00829854087135944	0.0034206280404954	0.0100608848991081
D5_31	0.0586773543927225	0.058895351506625	0.0582486171573794	0.060137063981599	0.0586833710402023	0.0587533728030901	0.0591428697027135	0.062005974081126	0.061089689106473	0.0603424590969337	0.0629012197182131	0.0617132837737896	0.0166853612680664	0.0198243415918909	0.0635008806923905	0.062178950458163	0.0576949954372345	0.0587092135176979	0.060401368849155	0.089643040702957	0.046499837483352	0.042933332532122	0.0498120940044739	0.036226564317807	0.0159064003586895	0	0.00679517822142999	0.0034206280404954	0.00581329852047785
D5_2	0.0277308711840936	0.0279370515038314	0.0277308711840936	0.0244302428384315	0.0275239361629548	0.027524094128159	0.0289459323087444	0.0279370515038314	0.027732144410503	0.0279370515038314	0.0301120038824393	0.0246640303933414	0.00896344859373669	0.00958232961192096	0.0256305328015425	0.0273141553503508	0.0246640303933414	0.0277308711840936	0.0275231463777282	0.0419156814200188	0.0241955848888643	0.0268914260773539	0.025157440774254	0.0256286129722839	0.00829854087135944	0.00679517822142999	0	0.00684133612985471	0.00834890542241102
D5_4	0.0255976363502514	0.0258251753703849	0.0255976363502514	0.0208068680748128	0.0258259308348608	0.025368947017494	0.027150393368415	0.0258251753703849	0.0258251753703849	0.0260507270359688	0.027150393368415	0.0210861673917782	0.0048374985667023	0.0048374985667023	0.0221707976456132	0.0231999638484323	0.0210861673917782	0.0260507270359688	0.02513637989721	0.0397538756120452	0.0224306893177766	0.0253682049121024	0.0229476130273838	0.0242054840541405	0.0034206280404954	0.0034206280404954	0.00684133612985471	0	0.0034206280404954
D5_53	0.0319915750206765	0.0319915750206765	0.0319915750206765	0.0266185994122851	0.0325155469697988	0.0323423113676575	0.033029408243851	0.0323412201045153	0.0318443347386725	0.0323412201045153	0.03055300787358	0.0261995998192016	0.0088728664707617	0.00821467812122913	0.0309224031858201	0.0278581121608055	0.0259770931082368	0.033029408243851	0.0282581743368576	0.0497549385004774	0.0290871425898712	0.0274572922428055	0.0311265361075776	0.02639849047188	0.0100608848991081	0.00581329852047785	0.00834890542241102	0.0034206280404954	0
