D10_3	D10_7	D10_8	D11_1	D1_35	D2_1_6	D2_2	D3D_27	D3K_56	D3K_57	D4_12C	D4_185	D5_8	D5_ref	D6_5	D7_157	D7_4	D8_8	D9_4	F1_1	D8_9	D1_2	D6_7	D10_8.o	D5_6	D5_31	D5_2	D5_4	D5_53
D10_3	0	1.17278665843447e-05	0	0.000703994044274255	0.000833135924357689	0.00015247602164995	0.000598365304488004	0.00076269230489461	0.000762691443479411	0.000774430737244047	0.00072747414776029	0.000762690788811603	0.000633565309268689	0.000633565309268689	0.000809651099359555	0.000809650272360716	0.000715733441389789	0.000833133580825996	0.000891837630298761	0.00166719376975476	0.000739214819798474	0.000833135924357689	0.000844874769680553	0.000516200994275242	0.000645302811763455	0.000645303190657227	0.000680516938118777	0.000633565309268689	0.00062182808230533
D10_7	1.17278665843447e-05	0	1.17278665843447e-05	0.000715732924620362	0.000844875907217852	0.000164206364528392	0.00061010101625948	0.000774431460849794	0.000774430737244047	0.000786170306637189	0.000739212752510279	0.000774430220388875	0.000645302811763455	0.000645302811763455	0.000821392047089446	0.000821390668717101	0.000727472183936222	0.000844873839347006	0.000903579267318312	0.0016789486568496	0.000750953424548465	0.000844875907217852	0.000856616544567835	0.000527936155164849	0.000657040589802562	0.000657040830922583	0.000692255405075547	0.000645302811763455	0.000633565309268689
D10_8	0	1.17278665843447e-05	0	0.000703994044274255	0.000833135924357689	0.00015247602164995	0.000598365304488004	0.00076269230489461	0.000762691443479411	0.000774430737244047	0.00072747414776029	0.000762690788811603	0.000633565309268689	0.000633565309268689	0.000809651099359555	0.000809650272360716	0.000715733441389789	0.000833133580825996	0.000891837630298761	0.00166719376975476	0.000739214819798474	0.000833135924357689	0.000844874769680553	0.000516200994275242	0.000645302811763455	0.000645303190657227	0.000680516938118777	0.000633565309268689	0.00062182808230533
D11_1	0.000703994044274255	0.000715732924620362	0.000703994044274255	0	0.00072747414776029	0.000680517661498017	0.000797910151671727	0.000668779056747978	0.000668779573426912	0.000657041106470145	0.000469256115460961	0.000199398081203985	0.000398848868133199	0.000422317537463959	0.000504465282106191	0.000211129765794968	7.03697785861312e-05	0.000750951632856366	0.000387114946538723	0.00162017905663178	0.000586616539103632	0.000750951632856366	0.000539675723190215	0.000586616091388437	0.000410583065103969	0.000434051837716218	0.00046925732039789	0.000422317537463959	0.000410583065103969
D1_35	0.000833135924357689	0.000844875907217852	0.000833135924357689	0.00072747414776029	0	0.000844873839347006	0.0007392120289724	0.000809650582499501	0.000809650272360716	0.000797910151671727	0.000962299863008683	0.00085661878516455	0.000645308185364429	0.000668782363772448	0.000821390668717101	0.000880098440438631	0.000739213682783951	0.000140746366734194	0.000974041500028237	0.00151441159439018	0.000164206914945039	2.34560082607956e-05	0.000833131340753717	0.000868360525789219	0.00065704513680912	0.000680521072007725	0.000715734819469227	0.000668782363772448	0.00065704513680912
D2_1_6	0.00015247602164995	0.000164206364528392	0.00015247602164995	0.000680517661498017	0.000844873839347006	0	0.000598357864688833	0.000762690099698192	0.000762690065243084	0.000750950495849899	0.000703995697902838	0.000739211098726139	0.000621827531216558	0.0006453033628522	0.000774434871663564	0.000809651099359555	0.000703994147621945	0.000833132064458099	0.000868354631972272	0.00165544205987883	0.000750951632856366	0.000844873839347006	0.000809658541984588	0.000492729019603143	0.000610090028721775	0.000633564999273957	0.000668779573426912	0.000621827531216558	0.000633565309255739
D2_2	0.000598365304488004	0.00061010101625948	0.000598365304488004	0.000797910151671727	0.0007392120289724	0.000598357864688833	0	0.000739211202085333	0.000739211098726139	0.000750950530303421	0.000915326247288052	0.000880098440438631	0.000715733441389789	0.000715733441389789	0.000915321593697161	0.000903579956690659	0.000821391805937084	0.0007392120289724	0.000950549090022645	0.00163193459959498	0.000692256783053033	0.0007392120289724	0.00095054981386463	0.000727479660472787	0.000727472183936222	0.000727472631819589	0.000762690099698192	0.000715733441389789	0.000703994974433095
D3D_27	0.00076269230489461	0.000774431460849794	0.00076269230489461	0.000668779056747978	0.000809650582499501	0.000762690099698192	0.000739211202085333	0	2.34558363274783e-05	3.51841155548057e-05	0.000809651823076936	0.000750950668120954	0.000668779056760985	0.000668779056760985	0.000809651099359555	0.000774429910277663	0.000692255405075547	0.000786170892427069	0.00088009585540982	0.00160843563360529	0.000739211512165752	0.000809650582499501	0.000844874769680553	0.000762693373061814	0.000680517110357451	0.000680517489286858	0.000715732890170045	0.000668779056760985	0.000657041278721854
D3K_56	0.000762691443479411	0.000774430737244047	0.000762691443479411	0.000668779573426912	0.000809650272360716	0.000762690065243084	0.000739211098726139	2.34558363274783e-05	0	1.17278665843447e-05	0.000809651099403202	0.000750950495849899	0.00066877874673875	0.00066877874673875	0.000809651822973351	0.000774430220375866	0.000692255577315764	0.000786170306637189	0.00088009595880615	0.00160843808508626	0.000739211202085333	0.000809650272360716	0.000844875906868207	0.00076269230489461	0.000680516938118777	0.000680517110357451	0.000715732924620362	0.00066877874673875	0.000657040830922583
D3K_57	0.000774430737244047	0.000786170306637189	0.000774430737244047	0.000657041106470145	0.000797910151671727	0.000750950495849899	0.000750950530303421	3.51841155548057e-05	1.17278665843447e-05	0	0.00079791125436865	0.000762690065243084	0.000657040830922583	0.000680516938118777	0.000797911013091726	0.000786170478896862	0.000680516972565834	0.000797910151671727	0.000868354459650975	0.0016201928340054	0.000727472183936222	0.000821390668717101	0.000833134269848615	0.000774431460849794	0.00066877874673875	0.000692255439524247	0.000727472080575562	0.000680516938118777	0.00066877874673875
D4_12C	0.00072747414776029	0.000739212752510279	0.00072747414776029	0.000469256115460961	0.000962299863008683	0.000703995697902838	0.000915326247288052	0.000809651823076936	0.000809651099403202	0.00079791125436865	0	0.000551406648961251	0.000703995697902838	0.000727472631819589	0.000856613236214986	0.000598352905078808	0.000492727366878331	0.000985783412786401	0.00069225764430637	0.00172596226476157	0.000891846454450664	0.000985783412786401	0.000891837733693404	0.000234591827695301	0.000715734027069635	0.0007392120289724	0.00077442991027922	0.000727472631819589	0.000715734027069635
D4_185	0.000762690788811603	0.000774430220388875	0.000762690788811603	0.000199398081203985	0.00085661878516455	0.000739211098726139	0.000880098440438631	0.000750950668120954	0.000750950495849899	0.000762690065243084	0.000551406648961251	0	0.000457520954569763	0.000457520954569763	0.000586617744378272	0.000258054440039811	0.000175936673013104	0.00082139621714545	0.000469256115460961	0.00163192924704054	0.00069225764430637	0.000833139095092114	0.000621831491839872	0.000598355384845799	0.000445786206807602	0.000445786447791821	0.000480991104208895	0.000434051734447643	0.000445786206807602
D5_8	0.000633565309268689	0.000645302811763455	0.000633565309268689	0.000398848868133199	0.000645308185364429	0.000621827531216558	0.000715733441389789	0.000668779056760985	0.00066877874673875	0.000657040830922583	0.000703995697902838	0.000457520954569763	0	2.34560082607956e-05	0.000457523536485043	0.000527933675861832	0.000410582892992924	0.000703995697902838	0.000598353215042762	0.0015849235122024	0.000480993342178561	0.000668782363772448	0.000492731498193334	0.000598352905078808	1.17278665843447e-05	3.51841155548057e-05	7.03706039578167e-05	2.34560082607956e-05	1.17278665843447e-05
D5_ref	0.000633565309268689	0.000645302811763455	0.000633565309268689	0.000422317537463959	0.000668782363772448	0.0006453033628522	0.000715733441389789	0.000668779056760985	0.00066877874673875	0.000680516938118777	0.000727472631819589	0.000457520954569763	2.34560082607956e-05	0	0.000480995235488326	0.000527933675861832	0.000434051837716218	0.000703995697902838	0.000621827393450895	0.0015849235122024	0.000504463113117924	0.000668782363772448	0.000516204850074967	0.000598352905078808	3.51844250423694e-05	3.51841155548057e-05	7.03706039578167e-05	2.34560082607956e-05	1.17278665843447e-05
D6_5	0.000809651099359555	0.000821392047089446	0.000809651099359555	0.000504465282106191	0.000821390668717101	0.000774434871663564	0.000915321593697161	0.000809651099359555	0.000809651822973351	0.000797911013091726	0.000856613236214986	0.000586617744378272	0.000457523536485043	0.000480995235488326	0	0.00061009223285705	0.000516200615250625	0.000833131340753717	0.000750950771476849	0.00154966268526169	0.000657041106470145	0.00084487228848351	3.51844250423694e-05	0.000774431460746272	0.000469259248256521	0.000492730155521469	0.000527940183351945	0.000480995235488326	0.000469259248256521
D7_157	0.000809650272360716	0.000821390668717101	0.000809650272360716	0.000211129765794968	0.000880098440438631	0.000809651099359555	0.000903579956690659	0.000774429910277663	0.000774430220375866	0.000786170478896862	0.000598352905078808	0.000258054440039811	0.000527933675861832	0.000527933675861832	0.00061009223285705	0	0.000222860005443662	0.00085661737204567	0.000516197688630051	0.00172596319738736	0.0007392120289724	0.000880098440438631	0.000645307220370327	0.00069225612850807	0.00053966993856687	0.000539669697529396	0.000574879725359853	0.000527933675861832	0.000516197688630051
D7_4	0.000715733441389789	0.000727472183936222	0.000715733441389789	7.03697785861312e-05	0.000739213682783951	0.000703994147621945	0.000821391805937084	0.000692255405075547	0.000692255577315764	0.000680516972565834	0.000492727366878331	0.000175936673013104	0.000410582892992924	0.000434051837716218	0.000516200615250625	0.000222860005443662	0	0.000774432391210899	0.000410583168377363	0.00164368382311123	0.000598353731655373	0.000762691443479411	0.000551411469597857	0.000610091130860608	0.000422317227656729	0.000445786344508711	0.00048099224033726	0.000434051837716218	0.000422317227656729
D8_8	0.000833133580825996	0.000844873839347006	0.000833133580825996	0.000750951632856366	0.000140746366734194	0.000833132064458099	0.0007392120289724	0.000786170892427069	0.000786170306637189	0.000797910151671727	0.000985783412786401	0.00082139621714545	0.000703995697902838	0.000703995697902838	0.000833131340753717	0.00085661737204567	0.000774432391210899	0	0.000985780516611781	0.00146740972494747	0.00026978646877036	0.000117286506550662	0.00084487228848351	0.000833137406322127	0.00069225764430637	0.000692258712273028	0.000727473286425999	0.000680519866267238	0.00069225764430637
D9_4	0.000891837630298761	0.000903579267318312	0.000891837630298761	0.000387114946538723	0.000974041500028237	0.000868354631972272	0.000950549090022645	0.00088009585540982	0.00088009595880615	0.000868354459650975	0.00069225764430637	0.000469256115460961	0.000598353215042762	0.000621827393450895	0.000750950771476849	0.000516197688630051	0.000410583168377363	0.000985780516611781	0	0.00178473960239267	0.000809653890753578	0.000997525601296016	0.000762690616511429	0.000786171684975493	0.000610090166487538	0.000633564999275513	0.000668778746737082	0.000621827393450895	0.000610090166487538
F1_1	0.00166719376975476	0.0016789486568496	0.00166719376975476	0.00162017905663178	0.00151441159439018	0.00165544205987883	0.00163193459959498	0.00160843563360529	0.00160843808508626	0.0016201928340054	0.00172596226476157	0.00163192924704054	0.0015849235122024	0.0015849235122024	0.00154966268526169	0.00172596319738736	0.00164368382311123	0.00146740972494747	0.00178473960239267	0	0.00149090706976489	0.00149090706976489	0.00153791014671286	0.00158491947244318	0.00157317000671879	0.00157316859112487	0.00160842952202803	0.00156141677751852	0.00157317000671879
D8_9	0.000739214819798474	0.000750953424548465	0.000739214819798474	0.000586616539103632	0.000164206914945039	0.000750951632856366	0.000692256783053033	0.000739211512165752	0.000739211202085333	0.000727472183936222	0.000891846454450664	0.00069225764430637	0.000480993342178561	0.000504463113117924	0.000657041106470145	0.0007392120289724	0.000598353731655373	0.00026978646877036	0.000809653890753578	0.00149090706976489	0	0.000187667325506573	0.000668779573426912	0.000774434872218536	0.000492728089940705	0.000516199065960822	0.000551406201288141	0.000504463113117924	0.000492728089940705
D1_2	0.000833135924357689	0.000844875907217852	0.000833135924357689	0.000750951632856366	2.34560082607956e-05	0.000844873839347006	0.0007392120289724	0.000809650582499501	0.000809650272360716	0.000821390668717101	0.000985783412786401	0.000833139095092114	0.000668782363772448	0.000668782363772448	0.00084487228848351	0.000880098440438631	0.000762691443479411	0.000117286506550662	0.000997525601296016	0.00149090706976489	0.000187667325506573	0	0.00085661351191954	0.000844880560065616	0.00065704513680912	0.000657046618077917	0.000692258712273028	0.000645308185364429	0.00065704513680912
D6_7	0.000844874769680553	0.000856616544567835	0.000844874769680553	0.000539675723190215	0.000833131340753717	0.000809658541984588	0.00095054981386463	0.000844874769680553	0.000844875906868207	0.000833134269848615	0.000891837733693404	0.000621831491839872	0.000492731498193334	0.000516204850074967	3.51844250423694e-05	0.000645307220370327	0.000551411469597857	0.00084487228848351	0.000762690616511429	0.00153791014671286	0.000668779573426912	0.00085661351191954	0	0.000809653890404069	0.000504468036384588	0.000527940183351945	0.00056315269084916	0.000516204850074967	0.000504468036384588
D10_8.o	0.000516200994275242	0.000527936155164849	0.000516200994275242	0.000586616091388437	0.000868360525789219	0.000492729019603143	0.000727479660472787	0.000762693373061814	0.00076269230489461	0.000774431460849794	0.000234591827695301	0.000598355384845799	0.000598352905078808	0.000598352905078808	0.000774431460746272	0.00069225612850807	0.000610091130860608	0.000833137406322127	0.000786171684975493	0.00158491947244318	0.000774434872218536	0.000844880560065616	0.000809653890404069	0	0.000586616091388437	0.000586616539103632	0.000621827393450895	0.000574879553197246	0.000586616091388437
D5_6	0.000645302811763455	0.000657040589802562	0.000645302811763455	0.000410583065103969	0.00065704513680912	0.000610090028721775	0.000727472183936222	0.000680517110357451	0.000680516938118777	0.00066877874673875	0.000715734027069635	0.000445786206807602	1.17278665843447e-05	3.51844250423694e-05	0.000469259248256521	0.00053966993856687	0.000422317227656729	0.00069225764430637	0.000610090166487538	0.00157317000671879	0.000492728089940705	0.00065704513680912	0.000504468036384588	0.000586616091388437	0	2.34558363274783e-05	5.86414993571507e-05	1.17278665843447e-05	2.34560082607956e-05
D5_31	0.000645303190657227	0.000657040830922583	0.000645303190657227	0.000434051837716218	0.000680521072007725	0.000633564999273957	0.000727472631819589	0.000680517489286858	0.000680517110357451	0.000692255439524247	0.0007392120289724	0.000445786447791821	3.51841155548057e-05	3.51841155548057e-05	0.000492730155521469	0.000539669697529396	0.000445786344508711	0.000692258712273028	0.000633564999275513	0.00157316859112487	0.000516199065960822	0.000657046618077917	0.000527940183351945	0.000586616539103632	2.34558363274783e-05	0	3.51844250423694e-05	1.17278321986543e-05	2.34558363274783e-05
D5_2	0.000680516938118777	0.000692255405075547	0.000680516938118777	0.00046925732039789	0.000715734819469227	0.000668779573426912	0.000762690099698192	0.000715732890170045	0.000715732924620362	0.000727472080575562	0.00077442991027922	0.000480991104208895	7.03706039578167e-05	7.03706039578167e-05	0.000527940183351945	0.000574879725359853	0.00048099224033726	0.000727473286425999	0.000668778746737082	0.00160842952202803	0.000551406201288141	0.000692258712273028	0.00056315269084916	0.000621827393450895	5.86414993571507e-05	3.51844250423694e-05	0	4.69126698937645e-05	5.86414993571507e-05
D5_4	0.000633565309268689	0.000645302811763455	0.000633565309268689	0.000422317537463959	0.000668782363772448	0.000621827531216558	0.000715733441389789	0.000668779056760985	0.00066877874673875	0.000680516938118777	0.000727472631819589	0.000434051734447643	2.34560082607956e-05	2.34560082607956e-05	0.000480995235488326	0.000527933675861832	0.000434051837716218	0.000680519866267238	0.000621827393450895	0.00156141677751852	0.000504463113117924	0.000645308185364429	0.000516204850074967	0.000574879553197246	1.17278665843447e-05	1.17278321986543e-05	4.69126698937645e-05	0	1.17278665843447e-05
D5_53	0.00062182808230533	0.000633565309268689	0.00062182808230533	0.000410583065103969	0.00065704513680912	0.000633565309255739	0.000703994974433095	0.000657041278721854	0.000657040830922583	0.00066877874673875	0.000715734027069635	0.000445786206807602	1.17278665843447e-05	1.17278665843447e-05	0.000469259248256521	0.000516197688630051	0.000422317227656729	0.00069225764430637	0.000610090166487538	0.00157317000671879	0.000492728089940705	0.00065704513680912	0.000504468036384588	0.000586616091388437	2.34560082607956e-05	2.34558363274783e-05	5.86414993571507e-05	1.17278665843447e-05	0
